image_width: 640
image_height: 480
camera_name: narrow_stereo/right
camera_matrix:
  rows: 3
  cols: 3
  data: [508.54025999999999, 0, 361.95666999999997, 0, 505.72029900000001, 256.26432399999999, 0, 0, 1]
distortion_model: plumb_bob
distortion_coefficients:
  rows: 1
  cols: 5
  data: [0.363035, -0.33069500000000002, -0.013868999999999999, 0.043508999999999999, 0]
rectification_matrix:
  rows: 3
  cols: 3
  data: [0.98041599999999995, -0.022305999999999999, -0.19566900000000001, 0.022041000000000002, 0.99975099999999995, -0.0035339999999999998, 0.19569900000000001, -0.00084800000000000001, 0.98066399999999998]
projection_matrix:
  rows: 3
  cols: 4
  data: [671.62483999999995, 0, 509.16547200000002, -88.265910000000005, 0, 671.62483999999995, 270.05138599999998, 0, 0, 0, 1, 0]