# oST version 5.0 parameters


[image]

width
1280

height
720

[narrow_stereo]

camera matrix
1042.540664 0.000000 638.580947
0.000000 1042.271382 359.348539
0.000000 0.000000 1.000000

distortion
0.278678 0.595407 0.012934 0.005372 0.000000

rectification
1.000000 0.000000 0.000000
0.000000 1.000000 0.000000
0.000000 0.000000 1.000000

projection
1233.994873 0.000000 642.371272 0.000000
0.000000 1231.940186 365.217540 0.000000
0.000000 0.000000 1.000000 0.000000
