image_width: 640
image_height: 480
camera_name: narrow_stereo/left
camera_matrix:
  rows: 3
  cols: 3
  data: [499.01686999999998, 0, 325.38347900000002, 0, 495.88671199999999, 225.65865099999999, 0, 0, 1]
distortion_model: plumb_bob
distortion_coefficients:
  rows: 1
  cols: 5
  data: [0.14744699999999999, -0.20597799999999999, -0.0092650000000000007, 0.00049200000000000003, 0]
rectification_matrix:
  rows: 3
  cols: 3
  data: [0.99958899999999995, -0.010205000000000001, 0.026780000000000002, 0.0099780000000000008, 0.99991300000000005, 0.0085939999999999992, -0.026866000000000001, -0.0083230000000000005, 0.99960400000000005]
projection_matrix:
  rows: 3
  cols: 4
  data: [547.27217299999995, 0, 324.67090200000001, 0, 0, 547.27217299999995, 216.34931800000001, 0, 0, 0, 1, 0]