image_width: 640
image_height: 480
camera_name: narrow_stereo/right
camera_matrix:
  rows: 3
  cols: 3
  data: [499.99423999999999, 0, 335.02366599999999, 0, 497.67852799999997, 229.02801099999999, 0, 0, 1]
distortion_model: plumb_bob
distortion_coefficients:
  rows: 1
  cols: 5
  data: [0.19700699999999999, -0.29938500000000001, -0.019324000000000001, 0.0086949999999999996, 0]
rectification_matrix:
  rows: 3
  cols: 3
  data: [0.99994499999999997, -0.0036440000000000001, 0.0098309999999999995, 0.003728, 0.99995699999999998, -0.0084410000000000006, -0.0097999999999999997, 0.0084770000000000002, 0.99991600000000003]
projection_matrix:
  rows: 3
  cols: 4
  data: [547.27217299999995, 0, 324.67090200000001, 277.12045699999999, 0, 547.27217299999995, 216.34931800000001, 0, 0, 0, 1, 0]