image_width: 640
image_height: 480
camera_name: left
camera_matrix:
  rows: 3
  cols: 3
  data: [531.58787,   0.     , 329.03098,
           0.     , 529.91554, 242.32665,
           0.     ,   0.     ,   1.     ]
distortion_model: plumb_bob
distortion_coefficients:
  rows: 1
  cols: 5
  data: [0.238607, -0.439659, -0.003081, 0.001202, 0.000000]
rectification_matrix:
  rows: 3
  cols: 3
  data: [ 0.99976436, -0.02151716, -0.00286918,
          0.02152581,  0.99976373,  0.00302083,
          0.00280351, -0.00308188,  0.99999132]
projection_matrix:
  rows: 3
  cols: 4
  data: [577.28603,   0.     , 346.46629,   0.     ,
           0.     , 577.28603, 239.6457 ,   0.     ,
           0.     ,   0.     ,   1.     ,   0.     ]
