image_width: 640
image_height: 480
camera_name: narrow_stereo/left
camera_matrix:
  rows: 3
  cols: 3
  data: [485.37998099999999, 0, 354.463797, 0, 487.63290000000001, 278.13877500000001, 0, 0, 1]
distortion_model: plumb_bob
distortion_coefficients:
  rows: 1
  cols: 5
  data: [0.42346899999999998, -0.79652900000000004, -0.010101000000000001, 0.02724, 0]
rectification_matrix:
  rows: 3
  cols: 3
  data: [0.98355599999999999, -0.029013000000000001, -0.178258, 0.029253999999999999, 0.99957099999999999, -0.001274, 0.17821899999999999, -0.0039620000000000002, 0.98398300000000005]
projection_matrix:
  rows: 3
  cols: 4
  data: [671.62483999999995, 0, 509.16547200000002, 0, 0, 671.62483999999995, 270.05138599999998, 0, 0, 0, 1, 0]