# oST version 5.0 parameters


[image]

width
640

height
480

[narrow_stereo/left]

camera matrix
697.893504 0.000000 335.115591
0.000000 698.291333 215.180653
0.000000 0.000000 1.000000

distortion
0.794726 -1.035974 -0.032407 0.006420 0.000000

rectification
0.995807 0.003637 0.091402
-0.003717 0.999993 0.000696
-0.091399 -0.001033 0.995814

projection
861.041191 0.000000 263.258768 0.000000
0.000000 861.041191 216.421303 0.000000
0.000000 0.000000 1.000000 0.000000
# oST version 5.0 parameters


[image]

width
640

height
480

[narrow_stereo/right]

camera matrix
681.553842 0.000000 324.279215
0.000000 683.468295 230.218376
0.000000 0.000000 1.000000

distortion
0.723122 -0.748441 -0.035674 -0.006399 0.000000

rectification
0.997478 -0.018222 0.068600
0.018281 0.999833 -0.000238
-0.068584 0.001491 0.997644

projection
861.041191 0.000000 263.258768 -118.197992
0.000000 861.041191 216.421303 0.000000
0.000000 0.000000 1.000000 0.000000
