# oST version 5.0 parameters


[image]

width
640

height
480

[narrow_stereo/left]

camera matrix
518.957151 0.000000 305.984622
0.000000 514.322583 248.589685
0.000000 0.000000 1.000000

distortion
0.182565 -0.238181 -0.002704 -0.018431 0.000000

rectification
0.999906 -0.006194 0.012222
0.006333 0.999916 -0.011299
-0.012151 0.011376 0.999861

projection
572.448125 0.000000 271.352222 0.000000
0.000000 572.448125 245.237953 0.000000
0.000000 0.000000 1.000000 0.000000
# oST version 5.0 parameters


[image]

width
640

height
480

[narrow_stereo/right]

camera matrix
511.299119 0.000000 314.250625
0.000000 507.752473 244.742404
0.000000 0.000000 1.000000

distortion
0.169522 -0.286866 -0.001986 -0.009797 0.000000

rectification
0.997908 -0.015940 0.062649
0.015228 0.999814 0.011821
-0.062826 -0.010843 0.997966

projection
572.448125 0.000000 271.352222 -288.439776
0.000000 572.448125 245.237953 0.000000
0.000000 0.000000 1.000000 0.000000
