image_width: 640
image_height: 480
camera_name: narrow_stereo
camera_matrix:
  rows: 3
  cols: 3
  data: [672.91536,   0.     , 335.73858,
           0.     , 702.1555 , 220.35343,
           0.     ,   0.     ,   1.     ]
distortion_model: plumb_bob
distortion_coefficients:
  rows: 1
  cols: 5
  data: [0.561260, -0.605063, -0.022958, 0.003883, 0.000000]
rectification_matrix:
  rows: 3
  cols: 3
  data: [1., 0., 0.,
         0., 1., 0.,
         0., 0., 1.]
projection_matrix:
  rows: 3
  cols: 4
  data: [751.35105,   0.     , 336.05227,   0.     ,
           0.     , 777.03664, 213.73241,   0.     ,
           0.     ,   0.     ,   1.     ,   0.     ]
