# oST version 5.0 parameters


[image]

width
640

height
480

[narrow_stereo/left]

camera matrix
523.309147 0.000000 318.290380
0.000000 523.876631 227.193426
0.000000 0.000000 1.000000

distortion
0.208223 -0.389729 -0.007789 -0.009825 0.000000

rectification
0.999543 0.013689 -0.026966
-0.013323 0.999817 0.013716
0.027148 -0.013351 0.999542

projection
581.023462 0.000000 329.169537 0.000000
0.000000 581.023462 222.243534 0.000000
0.000000 0.000000 1.000000 0.000000
# oST version 5.0 parameters


[image]

width
640

height
480

[narrow_stereo/right]

camera matrix
523.762938 0.000000 323.021673
0.000000 523.652557 234.027285
0.000000 0.000000 1.000000

distortion
0.214983 -0.394703 -0.010272 -0.005440 0.000000

rectification
0.999777 0.010318 -0.018440
-0.010567 0.999854 -0.013438
0.018299 0.013630 0.999740

projection
581.023462 0.000000 329.169537 292.604702
0.000000 581.023462 222.243534 0.000000
0.000000 0.000000 1.000000 0.000000
